9.426000000000000351e-03 2.899316997918055083e+00 2.230671121113928734e+00
1.064200000000000042e-02 2.897022506566393041e+00 2.486301517464917232e+00
1.124999999999999958e-02 2.907902888768772343e+00 2.560148231331900615e+00
1.185899999999999975e-02 2.893991328340796532e+00 2.277363923360215203e+00
1.246700000000000065e-02 2.891054391911872745e+00 2.312024945670745346e+00
1.307499999999999982e-02 2.892100170532762249e+00 2.113241232432598871e+00
1.368300000000000072e-02 2.884401659258011286e+00 2.104319780105704307e+00
1.429099999999999988e-02 2.882621859102663109e+00 1.961121018714214514e+00
1.489900000000000078e-02 2.883077441732325497e+00 1.936302575776346346e+00
1.550699999999999995e-02 2.880484317985322118e+00 1.778623650526973687e+00
1.611500000000000085e-02 2.879975624616721852e+00 1.767584752035856077e+00
1.672399999999999928e-02 2.874344375670160101e+00 1.648791163547336014e+00
1.733200000000000018e-02 2.868364613254201778e+00 1.643755589927406113e+00
1.794000000000000108e-02 2.864001138403764912e+00 1.533185911827286585e+00
1.854799999999999852e-02 2.860498516107817135e+00 1.471306382921979683e+00
1.915599999999999942e-02 2.856405616343450138e+00 1.440127908688045633e+00
1.976400000000000032e-02 2.853547946655946799e+00 1.353897005418161825e+00
2.037200000000000122e-02 2.846101960297891864e+00 1.294937741776241991e+00
2.097999999999999865e-02 2.843663120749607920e+00 1.219152112042945157e+00
2.158900000000000055e-02 2.838437259895032039e+00 1.201375272476028044e+00
2.219700000000000145e-02 2.832130656362975785e+00 1.139391017726583577e+00
2.280499999999999888e-02 2.823247241213773684e+00 1.176626558882947426e+00
2.341299999999999978e-02 2.819096908655692957e+00 1.053493323165806572e+00
2.402100000000000068e-02 2.808888564832689116e+00 1.049961890077682147e+00
2.462900000000000159e-02 2.805366947041251890e+00 1.000195388557727494e+00
2.523699999999999902e-02 2.797327797607138233e+00 9.802702328875221305e-01
2.584499999999999992e-02 2.792451926168135756e+00 9.302081132575984457e-01
2.645399999999999835e-02 2.785716967656209686e+00 9.601576682304310273e-01
2.706199999999999925e-02 2.778146907417109901e+00 8.813344332169770201e-01
2.767000000000000015e-02 2.771587480881255505e+00 8.629580185355116839e-01
2.827800000000000105e-02 2.766386818409705128e+00 8.350332435142685528e-01
2.888599999999999848e-02 2.758687120895233935e+00 8.081184306483406576e-01
2.949399999999999938e-02 2.751978493871043430e+00 7.802942643919122956e-01
3.010200000000000028e-02 2.745258312519208488e+00 7.880657976285482258e-01
3.071000000000000119e-02 2.738150057028011286e+00 7.466061790348688110e-01
3.131899999999999962e-02 2.729308990410354241e+00 7.310324476300665841e-01
3.192699999999999705e-02 2.722639680187640909e+00 7.599879716491944048e-01
3.253500000000000142e-02 2.713891890975915544e+00 6.796831286054916266e-01
3.314299999999999885e-02 2.700985657483261804e+00 7.368082890969591681e-01
3.375100000000000322e-02 2.696602739461154918e+00 8.820056930611448465e-01
3.435900000000000065e-02 2.683126321280467685e+00 7.275461367144223646e-01
3.496699999999999808e-02 2.679347935455620444e+00 7.480274634756586272e-01
3.557500000000000245e-02 2.670469438609152757e+00 6.844943745170360971e-01
3.618400000000000089e-02 2.661056032679673056e+00 6.264050447156433998e-01
3.679199999999999832e-02 2.651925095788909559e+00 6.157417927539894364e-01
3.740000000000000269e-02 2.641475102042880607e+00 6.004010793014371572e-01
3.800800000000000012e-02 2.630694269077027414e+00 6.102384372809140922e-01
3.861599999999999755e-02 2.618751815865771881e+00 5.983965094237462257e-01
3.922400000000000192e-02 2.610626099441727188e+00 5.808212341578236071e-01
3.983199999999999935e-02 2.601140485778492550e+00 5.897943886755629972e-01
4.043999999999999678e-02 2.590192916693718761e+00 5.494557230406471593e-01
4.104900000000000215e-02 2.578690772214927485e+00 5.986537426360508674e-01
4.165699999999999958e-02 2.571884609815183964e+00 5.596636871839988370e-01
4.226499999999999702e-02 2.557199116512416825e+00 5.806433338815217837e-01
4.287300000000000139e-02 2.549374829662925279e+00 5.630845810685805031e-01
4.348099999999999882e-02 2.536050627244502476e+00 5.583521108573967773e-01
4.408900000000000319e-02 2.524602508998203820e+00 5.212204871881696011e-01
4.469700000000000062e-02 2.511996930838729991e+00 5.609975700886291605e-01
4.530499999999999805e-02 2.502844825056228295e+00 5.237854735461897615e-01
4.591400000000000342e-02 2.487023774517651553e+00 5.266532518416390252e-01
4.652200000000000085e-02 2.477931182055328030e+00 4.957482554443628509e-01
4.712999999999999828e-02 2.467542993523310191e+00 4.941949592578283035e-01
4.773800000000000265e-02 2.453781442443068173e+00 4.725809413407266457e-01
4.834600000000000009e-02 2.437455649668339497e+00 4.844123141713975178e-01
4.895399999999999752e-02 2.423281927076516684e+00 4.597663026381082485e-01
4.956200000000000189e-02 2.409420793131673122e+00 4.640720425781790226e-01
5.016999999999999932e-02 2.396031875973675174e+00 4.508431616663706176e-01
5.077899999999999775e-02 2.384781582620579155e+00 4.348450402919714075e-01
5.138700000000000212e-02 2.366710523720753745e+00 4.409075085316356279e-01
5.199499999999999955e-02 2.355273321301510681e+00 4.200003315663743964e-01
5.260299999999999698e-02 2.340019528277140992e+00 4.297797252548621882e-01
5.321100000000000135e-02 2.327377327645474114e+00 4.107401270207919342e-01
5.381899999999999878e-02 2.312226031943316329e+00 4.153606994850688738e-01
5.442700000000000315e-02 2.298815974291290143e+00 3.823250841597789496e-01
5.503500000000000059e-02 2.278664447145708039e+00 4.416118813410776500e-01
5.564399999999999902e-02 2.267260925676647165e+00 3.767156171902092399e-01
5.625200000000000339e-02 2.245088036137089738e+00 4.212336317086426418e-01
5.686000000000000082e-02 2.233392128254599207e+00 3.542698283445399055e-01
5.746799999999999825e-02 2.214101735973232010e+00 3.559397550387256581e-01
5.807600000000000262e-02 2.199768885827579901e+00 2.953295473900541812e-01
5.868400000000000005e-02 2.182383263394194195e+00 3.113575189497083673e-01
5.929199999999999748e-02 2.169062817852777325e+00 2.829844401339547399e-01
5.990000000000000185e-02 2.149782405988642786e+00 2.672468431144741086e-01
6.050900000000000029e-02 2.133117182561251823e+00 2.696693554589134623e-01
6.111699999999999772e-02 2.113070546159680152e+00 2.741439885803091392e-01
6.172500000000000209e-02 2.096677168757921095e+00 2.472832453276685161e-01
6.233299999999999952e-02 2.078144942112439164e+00 2.269889206405143189e-01
6.294099999999999695e-02 2.059529339403513681e+00 2.211768108046946457e-01
6.354899999999999438e-02 2.045882115194201933e+00 2.205317109207380610e-01
6.415700000000000569e-02 2.024144830377834658e+00 2.382142655404155263e-01
6.476500000000000312e-02 2.012714930401037883e+00 1.992970621157413302e-01
6.537400000000000155e-02 1.986572450360567510e+00 1.927151663876811305e-01
6.598199999999999898e-02 1.968986997915710191e+00 1.795661525177428275e-01
6.658999999999999642e-02 1.946151003853992423e+00 1.967590918049294813e-01
6.719799999999999385e-02 1.929567071502332753e+00 1.354475200184890871e-01
6.780600000000000516e-02 1.902571238264384901e+00 1.479698760819470604e-01
6.841400000000000259e-02 1.889598042387526045e+00 1.409540499510561207e-01
6.902200000000000002e-02 1.866011903149605411e+00 1.061636892392300302e-01
6.962999999999999745e-02 1.849397299229128322e+00 1.043675956010153977e-01
7.023799999999999488e-02 1.828963281197347968e+00 1.006427555372614580e-01
7.084699999999999331e-02 1.809583280363128432e+00 1.005704124528187943e-01
7.145500000000000462e-02 1.785751109856819729e+00 1.012520260380190967e-01
7.206300000000000205e-02 1.771508110170266326e+00 9.640941736642046067e-02
7.267099999999999949e-02 1.744860716008667989e+00 7.141065251080890020e-02
7.327899999999999692e-02 1.728193022724837657e+00 7.872499726907776496e-02
7.388699999999999435e-02 1.708922895687934318e+00 3.161849078938342578e-02
7.449500000000000566e-02 1.685200548209453641e+00 3.749422666092821349e-02
7.510300000000000309e-02 1.662584079135986492e+00 3.929902371966166943e-03
7.571200000000000152e-02 1.641609930232077463e+00 1.547292551810680594e-02
7.631999999999999895e-02 1.620344299754493234e+00 -1.608698377819585065e-02
7.692799999999999638e-02 1.592093444837136440e+00 -1.150213401342240274e-02
7.753599999999999381e-02 1.578511996912239868e+00 -3.499643514712914155e-02
7.814400000000000512e-02 1.553209226461315096e+00 -4.424396068534443283e-02
7.875200000000000256e-02 1.526079398487174332e+00 -3.116088926069897694e-02
7.935999999999999999e-02 1.499167267495567835e+00 -4.756114006308257564e-02
7.996799999999999742e-02 1.471108270937139029e+00 -6.095273742861283262e-02
8.057599999999999485e-02 1.455266758773314129e+00 -6.565964051887135389e-02
8.118499999999999328e-02 1.435737689649796867e+00 -7.036602403566075137e-02
8.179300000000000459e-02 1.419461725978515387e+00 -1.019646439583404146e-01
8.240100000000000202e-02 1.400235691226971557e+00 -9.079122422868034226e-02
8.300899999999999945e-02 1.390767359362275579e+00 -1.248443601960983196e-01
8.361699999999999688e-02 1.359634408659498694e+00 -1.141691138182932413e-01
8.422499999999999432e-02 1.338816927946020252e+00 -1.367265213745698926e-01
8.483300000000000562e-02 1.313881977697905601e+00 -1.203170438368644096e-01
8.544100000000000306e-02 1.302577666013616131e+00 -1.333086890944750191e-01
8.604900000000000049e-02 1.280362079747331627e+00 -1.326073563091207108e-01
8.665799999999999892e-02 1.274640387193689772e+00 -1.460822634519993724e-01
8.726599999999999635e-02 1.253502773311665264e+00 -1.635638431735921272e-01
8.787399999999999378e-02 1.251309638167216631e+00 -1.716998018186799424e-01
8.848200000000000509e-02 1.209863382701547030e+00 -1.583809065716720033e-01
8.909000000000000252e-02 1.196151304312401908e+00 -1.385862764522791113e-01
8.969799999999999995e-02 1.190169157564343161e+00 -1.222469422965851843e-01
9.030599999999999739e-02 1.182077815214912064e+00 -1.668133505949471185e-01
9.091399999999999482e-02 1.159720552708278341e+00 -1.627734141238314780e-01
9.152200000000000613e-02 1.149502389697987903e+00 -1.892897520130311373e-01
9.213100000000000456e-02 1.151326939710231478e+00 -1.886723711498009270e-01
9.273900000000000199e-02 1.122978910326255519e+00 -1.821967260344325434e-01
9.334699999999999942e-02 1.096440721504549298e+00 -1.013971180399422800e-01
9.395499999999999685e-02 1.090240412667218273e+00 -1.721617870662350558e-01
9.456299999999999428e-02 1.080048967578851826e+00 -1.873653493807981019e-01
9.517100000000000559e-02 1.078960423555517689e+00 -2.044619939053753388e-01
9.577900000000000302e-02 1.078057866979186707e+00 -2.089117470269256926e-01
9.638700000000000045e-02 1.076607679229612868e+00 -2.390199269021781592e-01
9.699499999999999789e-02 1.074531204155029451e+00 -2.161549972884642123e-01
9.760399999999999632e-02 1.085233477420476378e+00 -2.283199382856912207e-01
9.821199999999999375e-02 1.079036457087489520e+00 -2.258941662802440853e-01
9.882000000000000506e-02 1.061738898339705361e+00 -2.029590163318019391e-01
9.942800000000000249e-02 1.032243929505805680e+00 -2.072568143464536272e-01
1.000359999999999999e-01 1.054988208695514462e+00 -2.275499312784121930e-01
1.006439999999999974e-01 1.069416473565860670e+00 -2.021648534157046151e-01
1.012519999999999948e-01 1.052920839015764498e+00 -2.265807402147435035e-01
1.018600000000000061e-01 1.049961890077682147e+00 -2.438562697649676869e-01
1.024680000000000035e-01 1.059404362028406599e+00 -2.296473459398747918e-01
1.030770000000000020e-01 1.033472007748751809e+00 -2.228125042743854811e-01
1.036849999999999994e-01 1.039064956805265894e+00 -2.230548662353451506e-01
1.042929999999999968e-01 1.035241569862665134e+00 -2.218726364697554965e-01
1.049009999999999942e-01 1.028924887888064355e+00 -2.573887583105530230e-01
1.055090000000000056e-01 1.019818074969755628e+00 -2.350397064302051642e-01
1.061170000000000030e-01 1.024165370319944923e+00 -2.544560177395041034e-01
1.067250000000000004e-01 1.022411873455920661e+00 -2.360257381169733049e-01
1.073329999999999979e-01 1.042630632448483974e+00 -2.670492529156867634e-01
1.079409999999999953e-01 1.047006027965630803e+00 -2.494453240109899550e-01
1.085499999999999937e-01 1.062619583854341521e+00 -2.489396383870204343e-01
1.091580000000000050e-01 1.046725322334447705e+00 -2.478147517501550212e-01
1.097660000000000025e-01 1.050159265878767512e+00 -2.508776944630613515e-01
1.103739999999999999e-01 1.029866509704950861e+00 -2.482291281376666492e-01
1.109819999999999973e-01 1.036361370607685961e+00 -2.349986703198548021e-01
1.115899999999999948e-01 1.035225551772211317e+00 -2.166839727049582054e-01
1.121980000000000061e-01 1.040321421335321794e+00 -2.314573504474883581e-01
1.128060000000000035e-01 1.063817306914750072e+00 -2.540777555580496783e-01
1.134140000000000009e-01 1.046241459145623276e+00 -2.493327271738075557e-01
1.140219999999999984e-01 1.048348563957552715e+00 -2.850368671438083812e-01
1.146309999999999968e-01 1.040281840707363958e+00 -2.738443497109382951e-01
1.152389999999999942e-01 1.019643772847548036e+00 -2.833657175359919900e-01
1.158470000000000055e-01 1.042217061763830444e+00 -2.714230398513713394e-01
1.164550000000000030e-01 1.051121638186103713e+00 -2.704076084078493314e-01
1.170630000000000004e-01 1.045764873504112735e+00 -2.751803737078267753e-01
1.176709999999999978e-01 1.032973142332564764e+00 -2.881118226386846226e-01
1.182789999999999953e-01 1.021375385403672675e+00 -2.775849248929653235e-01
1.188870000000000066e-01 1.035457756279581032e+00 -2.819635792172200395e-01
1.194950000000000040e-01 1.021325770177056835e+00 -2.667714282865493169e-01
1.201030000000000014e-01 1.018309291091383573e+00 -2.675909597140821439e-01
1.207119999999999999e-01 1.011600043965079632e+00 -2.685458144356298593e-01
1.213199999999999973e-01 1.006855235275984084e+00 -2.807955388910497452e-01
1.219279999999999947e-01 1.020613995018092579e+00 -2.774927651662639772e-01
1.225360000000000060e-01 1.010257542998301394e+00 -2.916581469545595495e-01
1.231440000000000035e-01 9.907228002833958769e-01 -2.927032600193048006e-01
1.237520000000000009e-01 9.818172485830893859e-01 -3.106032251258161736e-01
1.243599999999999983e-01 9.631013830897600103e-01 -2.348338188487877065e-01
1.249679999999999958e-01 9.662450121182080132e-01 -4.901888164591750030e-01
1.255759999999999932e-01 9.700454624253370683e-01 -5.026514736523922666e-01
1.261839999999999906e-01 9.603347121671710340e-01 -5.035644007626988161e-01
1.267929999999999890e-01 9.513496633263893720e-01 -4.934990264410282212e-01
1.274009999999999865e-01 9.476684519593345790e-01 -4.974472532426674753e-01
1.280090000000000117e-01 9.362729036559060969e-01 -4.796868122238957532e-01
1.286170000000000091e-01 9.258157253847059120e-01 -4.087528049635920091e-01
1.292250000000000065e-01 9.267852629158225275e-01 -4.907625203868819508e-01
1.298330000000000040e-01 9.269363651290175588e-01 -5.005369941676047763e-01
1.304410000000000014e-01 9.177685272746076706e-01 -5.051333017319893370e-01
1.310489999999999988e-01 9.100825327068290393e-01 -5.210469956464938157e-01
1.316569999999999963e-01 8.931973117728357892e-01 -5.054739090620058439e-01
1.322649999999999937e-01 8.924958612674167568e-01 -5.089760664093517795e-01
1.328729999999999911e-01 8.761629727963551328e-01 -5.127993848226082285e-01
1.334819999999999895e-01 8.586400446102631090e-01 -4.943183365304690269e-01
1.340899999999999870e-01 8.524061817013803832e-01 -4.967842185176101211e-01
1.346980000000000122e-01 8.505616957304372727e-01 -4.999227773775628547e-01
1.353060000000000096e-01 8.475510672603967510e-01 -5.099473633708444531e-01
1.359140000000000070e-01 8.408535419589255877e-01 -5.173664875780796812e-01
1.365220000000000045e-01 8.441048525391097179e-01 -5.170264258840101546e-01
1.371300000000000019e-01 8.324073525636352944e-01 -5.213628110584049846e-01
1.377379999999999993e-01 8.129293918353857062e-01 -5.192229394541604259e-01
1.383459999999999968e-01 8.088953084415813066e-01 -5.366251900765186544e-01
1.389539999999999942e-01 7.850178853251386091e-01 -5.156602928258297025e-01
1.395619999999999916e-01 7.698696904416828524e-01 -5.337850526700120835e-01
1.401709999999999900e-01 7.682346933458956695e-01 -5.414437304690918884e-01
1.407789999999999875e-01 7.780375951236672138e-01 -5.327604982448580495e-01
1.413870000000000127e-01 7.589436688804507281e-01 -4.489100300710436864e-01
1.419950000000000101e-01 7.513915131834136840e-01 -2.412076685321442315e-01
1.426030000000000075e-01 7.160275632286344782e-01 -4.066862365105493593e-01
1.432110000000000050e-01 6.884847833267878636e-01 -4.943766273617093421e-01
1.438190000000000024e-01 6.746526660841999368e-01 -5.284222769786776075e-01
1.444269999999999998e-01 6.604148296929788220e-01 -5.277893205452390823e-01
1.450349999999999973e-01 6.337955681994575929e-01 -5.377892383539562005e-01
1.456429999999999947e-01 6.793206726051286282e-01 -5.340746194592876916e-01
1.462509999999999921e-01 6.602012013806819457e-01 -5.127442252715153082e-01
1.468599999999999905e-01 6.471491315394121147e-01 -5.334333773749857510e-01
1.474679999999999880e-01 6.275389253288288227e-01 -5.541110302858773817e-01
1.480760000000000132e-01 5.868786117980695494e-01 -5.336752163017918216e-01
1.486840000000000106e-01 5.904896215607398080e-01 -5.468193102979060916e-01
1.492920000000000080e-01 5.723836177664656244e-01 -5.561083276888452165e-01
1.499000000000000055e-01 6.026762520506308007e-01 -5.535948810067909953e-01
1.505080000000000029e-01 5.770239345414120979e-01 -5.426904778887440273e-01
1.511160000000000003e-01 5.391827765307636300e-01 -5.395953388599140643e-01
1.517239999999999978e-01 5.340629306351594163e-01 -5.256933887518897563e-01
1.523319999999999952e-01 5.104927308724711565e-01 -4.878027241820573900e-01
1.529399999999999926e-01 5.117523847407673410e-01 -4.845222333389568869e-01
1.535479999999999901e-01 5.011113196349160637e-01 -5.551607660658983701e-01
1.541559999999999875e-01 5.029962462801502721e-01 -5.634430081235205501e-01
1.547650000000000137e-01 4.663084584281080858e-01 -5.732383188985468170e-01
1.553730000000000111e-01 4.813308155304189540e-01 -5.752114364446694328e-01
1.559810000000000085e-01 4.728704914792958292e-01 -5.767950991734543953e-01
1.565890000000000060e-01 4.780756531261203257e-01 -5.743435291189720182e-01
1.571970000000000034e-01 4.451151521526158228e-01 -5.684705921316524080e-01
1.578050000000000008e-01 4.267649323562072716e-01 -5.718635854724363199e-01
1.584129999999999983e-01 4.219574697217596260e-01 -5.814650481826956208e-01
1.590209999999999957e-01 3.844322718444260767e-01 -5.721829405243308297e-01
1.596289999999999931e-01 3.881474006537901644e-01 -5.575578609685211129e-01
1.602369999999999906e-01 3.816799280835875274e-01 -5.064318208693610046e-01
1.608449999999999880e-01 4.017123625463525638e-01 -5.115860796024904733e-01
1.614530000000000132e-01 4.347381181787371984e-01 -5.141991020613818630e-01
1.620610000000000106e-01 4.032217875283514719e-01 -5.099824942686425056e-01
1.626700000000000090e-01 3.806615886594768017e-01 -5.213051107328926514e-01
1.632780000000000065e-01 3.736474722092177347e-01 -5.190464071893214903e-01
1.638860000000000039e-01 3.492678115990547338e-01 -5.173950763229406835e-01
1.644940000000000013e-01 3.381436092099581736e-01 -5.289298943444338263e-01
1.651019999999999988e-01 1.891420647654599441e-01 -4.868037155217437295e-01
1.657099999999999962e-01 1.821149372081475037e-01 -4.243815392607095394e-01
1.663179999999999936e-01 2.618074775140828980e-01 -4.789338686310496418e-01
1.669259999999999911e-01 2.909756759910158141e-01 -4.978078449831668806e-01
1.675339999999999885e-01 3.423733263722521514e-01 -5.049387888410268310e-01
1.681420000000000137e-01 3.563471544940666202e-01 -4.763822802752741836e-01
1.687500000000000111e-01 3.540680824754027789e-01 -5.020149443415311552e-01
1.693580000000000085e-01 3.401147987639328574e-01 -5.180302315794869106e-01
1.699660000000000060e-01 2.483436082258210498e-01 -5.172778744268522466e-01
1.705740000000000034e-01 2.971080325134414224e-01 -5.220211371781541265e-01
1.711830000000000018e-01 3.023807203119716069e-01 -5.298983589708796682e-01
1.717909999999999993e-01 3.387193813237434070e-01 -5.289005361378510406e-01
1.723989999999999967e-01 2.980973142211728044e-01 -5.307878965538808114e-01
1.730069999999999941e-01 2.592593098523633399e-01 -5.265422271845536795e-01
1.736149999999999916e-01 2.709395674180727354e-01 -5.146079674214408817e-01
1.742229999999999890e-01 2.135735343569790112e-01 -5.077286420508662079e-01
1.748309999999999864e-01 2.142767766515318306e-01 -5.239223048098513580e-01
1.754390000000000116e-01 1.949719830374167795e-01 -5.149873638378881235e-01
1.760470000000000090e-01 1.729296965687829868e-01 -5.316127872320337566e-01
1.766550000000000065e-01 1.120685042681970889e-01 -5.426919931082300197e-01
1.772630000000000039e-01 1.238026576241494925e-01 -5.331190397472287401e-01
1.778710000000000013e-01 1.842114547856574525e-01 -5.340939307783212353e-01
1.784789999999999988e-01 1.846346565862736488e-01 -5.523598592658816031e-01
1.790869999999999962e-01 5.222823942410845244e-02 -5.481030866465090856e-01
1.796949999999999936e-01 1.432240860078927147e-01 -5.462368888575912518e-01
1.803039999999999921e-01 5.124516205564708105e-02 -5.375331194737714702e-01
1.809119999999999895e-01 6.344220045425021104e-02 -5.370183432735828877e-01
1.815199999999999869e-01 2.232778303952070165e-01 -5.405456899962133299e-01
1.821280000000000121e-01 2.253842427560505401e-01 -5.639694112841384666e-01
1.827360000000000095e-01 1.768491650387001013e-01 -5.533215082914095806e-01
1.833440000000000070e-01 1.933500388896052802e-01 -5.438450913720976887e-01
1.839520000000000044e-01 2.145551051406269505e-01 -5.467657744238331174e-01
1.845600000000000018e-01 2.469882400359353358e-01 -5.550999554672633174e-01
1.851679999999999993e-01 2.766111390315454943e-01 -5.550812462267440406e-01
1.857759999999999967e-01 1.648107057978378254e-01 -5.645330992953466742e-01
1.863839999999999941e-01 9.146998588223143045e-02 -5.732399445350513378e-01
1.869919999999999916e-01 1.225730000694830318e-01 -5.500960002665504778e-01
1.875999999999999890e-01 6.417335821153337394e-02 -5.465241802983005215e-01
1.882079999999999864e-01 1.055033722540811014e-01 -5.439392951225212602e-01
1.888160000000000116e-01 8.487999912211567632e-02 -5.565836671512343070e-01
1.894240000000000090e-01 8.774948321767513104e-02 -5.436430780395758999e-01
1.900320000000000065e-01 -1.900230093485477667e-02 -5.537596090042778973e-01
1.906410000000000049e-01 1.330020953220907576e-01 -5.512967711698484319e-01
1.912490000000000023e-01 6.404221537673016051e-02 -5.670435298161412563e-01
1.918569999999999998e-01 1.346901774563068754e-01 -5.577664531880135446e-01
1.924649999999999972e-01 1.118805735402423063e-01 -5.610638795970004367e-01
1.930729999999999946e-01 1.879266246343399838e-01 -5.524032426966831721e-01
1.936809999999999921e-01 1.390190876901742367e-01 -5.476384668654261656e-01
1.942889999999999895e-01 1.755089141916753304e-01 -5.587181511751113661e-01
1.948969999999999869e-01 8.396461813520258999e-02 -5.655604455685701026e-01
1.955050000000000121e-01 4.390039106085424914e-02 -5.613627338313884607e-01
1.961130000000000095e-01 1.280469078190473453e-01 -5.672567292648942328e-01
1.967210000000000070e-01 5.127217821946750825e-02 -5.804870281768017559e-01
1.973290000000000044e-01 5.690104171904529495e-02 -5.750987715785833565e-01
1.979370000000000018e-01 1.125379756093078942e-01 -5.697942885723679129e-01
1.985449999999999993e-01 1.180993120779944838e-01 -5.455057647567927992e-01
1.991529999999999967e-01 1.701472578489141019e-01 -4.875344067262640246e-01
1.997609999999999941e-01 1.545791592503601986e-01 -3.001449373737290482e-01
2.003689999999999916e-01 6.554237051913840151e-02 -1.791485709494557710e-01
2.009769999999999890e-01 -1.269994983527135803e-03 -4.414066167582627598e-01
2.015849999999999864e-01 1.553159470732939050e-02 -5.633142875469442368e-01
2.021930000000000116e-01 9.805157444771205044e-02 -5.669409748875335886e-01
2.028020000000000100e-01 -1.593693222311852800e-02 -5.749812393930835430e-01
2.034100000000000075e-01 1.368315041312403724e-01 -5.595553577508849408e-01
2.040180000000000049e-01 1.210716535375500752e-02 -5.705804297996635022e-01
2.046260000000000023e-01 1.985126744400322885e-02 -5.528249074239780514e-01
2.052339999999999998e-01 7.844956766753122257e-02 -5.740404965835161910e-01
2.058419999999999972e-01 3.236084711325892815e-02 -5.776170163000367008e-01
2.064499999999999946e-01 -7.079938601437969770e-03 -5.563662598772638468e-01
2.070579999999999921e-01 2.110243148650949030e-02 -5.680302550304248133e-01
2.076659999999999895e-01 1.897912316207617592e-02 -5.734090439644377035e-01
2.082739999999999869e-01 -7.845173378367082881e-03 -5.413470453420331507e-01
2.088820000000000121e-01 -5.614712592065743005e-04 -4.215671002591919181e-01
2.094900000000000095e-01 -9.519576602542044463e-02 -4.806354133481933744e-01
2.100980000000000070e-01 -1.144069919147692183e-01 -5.629458173761764384e-01
2.107060000000000044e-01 -1.117137715251497326e-01 -5.880202145950987891e-01
2.113140000000000018e-01 -9.428721000278449116e-02 -5.926209941712204943e-01
2.119219999999999993e-01 1.083958730074621873e-01 -5.866029916717502291e-01
2.125299999999999967e-01 -5.102416006381418206e-03 -5.786577156502126229e-01
2.131379999999999941e-01 -9.299356029143458768e-02 -5.789277511649317809e-01
2.137459999999999916e-01 -1.151916130740695127e-01 -5.832995941053999989e-01
2.143539999999999890e-01 -1.033663244555679817e-01 -5.699362375420403692e-01
2.149619999999999864e-01 -9.649762910160387952e-02 -5.734480762617324423e-01
2.155700000000000116e-01 -6.868200075816091599e-02 -5.788355250369554561e-01
2.161780000000000090e-01 -1.318647896974370903e-01 -5.866683776465231315e-01
2.167860000000000065e-01 -1.197839735525485366e-01 -5.891435045721185038e-01
2.173940000000000039e-01 -1.608897816809381764e-01 -5.774150841501494158e-01
2.180020000000000013e-01 -4.039296163468002188e-02 -5.804622339710188150e-01
2.186099999999999988e-01 -8.138015730894000016e-03 -5.968794788241820193e-01
2.192189999999999972e-01 -1.218988768172827794e-02 -5.929338754368636000e-01
2.198269999999999946e-01 -6.056140156590563220e-03 -5.894471397808209723e-01
2.204349999999999921e-01 -1.154323181237966595e-01 -5.929185662176583715e-01
2.210429999999999895e-01 -1.631880519005848573e-01 -5.809881744638203394e-01
2.216509999999999869e-01 -8.482424433666048078e-03 -5.889327716166062876e-01
2.222590000000000121e-01 -4.373453668681284712e-02 -5.998489899801119352e-01
2.228670000000000095e-01 7.487464604395739284e-03 -5.863063636011984769e-01
2.234750000000000070e-01 7.858683843715264308e-03 -5.941177202597976992e-01
2.240830000000000044e-01 -4.206723377937304775e-02 -6.002743739137685886e-01
2.246910000000000018e-01 -7.712617043458037946e-02 -6.005079935042282324e-01
2.252989999999999993e-01 -1.586511680128968038e-01 -5.972383920981780836e-01
2.259069999999999967e-01 -1.929495955706678201e-01 -6.014593433176214088e-01
2.265149999999999941e-01 -1.911518990197850210e-01 -5.988787383061502378e-01
2.271229999999999916e-01 -3.436458985005420019e-01 -5.866298154961573363e-01
2.277309999999999890e-01 -3.149402359543560515e-01 -6.065160520264922805e-01
2.283389999999999864e-01 -2.038386509732754703e-01 -5.940170957610497737e-01
2.289470000000000116e-01 -2.403170496780519250e-01 -6.192661099644977130e-01
2.295550000000000090e-01 -1.920025119741586850e-01 -6.045967165255595743e-01
2.301630000000000065e-01 -1.477207309506215482e-01 -6.065564210629560415e-01
2.307710000000000039e-01 -1.928893265993817663e-01 -5.828157171565826467e-01
2.313790000000000013e-01 -2.775569457657067751e-01 -5.984598869936073040e-01
2.319869999999999988e-01 -3.048143750688371845e-01 -5.871582472048058055e-01
2.325949999999999962e-01 -2.013086197808435229e-01 -5.927876093970569915e-01
2.332029999999999936e-01 -2.412788153378678246e-01 -5.942661413073790921e-01
2.338109999999999911e-01 -1.887313870263801208e-01 -6.010743934807435407e-01
2.344189999999999885e-01 -4.122385385585094486e-01 -6.030739487942136101e-01
2.350270000000000137e-01 -2.940046514666045385e-01 -6.038233275052713456e-01
2.356350000000000111e-01 -2.259102397336309187e-01 -5.961025638774116731e-01
2.362430000000000085e-01 -4.689965123497130683e-01 -5.989235776054235849e-01
2.368510000000000060e-01 -4.981386506302005746e-01 -5.981912075439832499e-01
2.374590000000000034e-01 -2.324345313170276817e-01 -6.028285035371235834e-01
2.380670000000000008e-01 -1.467411709406895581e-01 -5.375241355886641870e-01
2.386749999999999983e-01 -1.535756665410629718e-01 -3.625963373686916236e-01
2.392829999999999957e-01 -1.147948825992938376e-01 -3.952082202480923234e-01
2.398909999999999931e-01 -3.135451714729809436e-01 -1.353109658631489742e-01
2.404989999999999906e-01 -3.411904263174209140e-01 -4.253507368384444320e-01
2.411069999999999880e-01 -2.507546682614502087e-01 -5.960922829336126050e-01
2.417150000000000132e-01 -2.586892152887687590e-01 -6.005460767562809110e-01
2.423230000000000106e-01 -2.177115958927901551e-01 -6.052717196612888984e-01
2.429310000000000080e-01 -1.348030145368122046e-01 -6.024684201325777311e-01
2.435390000000000055e-01 -2.640196635144997361e-01 -5.950038807732203061e-01
2.441470000000000029e-01 -3.038254063577028874e-01 -6.090984372617904707e-01
2.447550000000000003e-01 -2.318541807713976610e-01 -6.063195259792235614e-01
2.453629999999999978e-01 -2.407439861525926261e-01 -6.115435472997333699e-01
2.459709999999999952e-01 -2.391803489478921407e-01 -6.285829944624682364e-01
2.465789999999999926e-01 -1.292152298229747309e-01 -6.074824280611086369e-01
2.471869999999999901e-01 -1.676546171768605598e-01 -6.096903033470763011e-01
2.477949999999999875e-01 -2.319201074902573767e-01 -6.155336803899736919e-01
2.484030000000000127e-01 -2.263437166395837197e-01 -6.042456402072968746e-01
2.490110000000000101e-01 -2.323062389559283902e-01 -6.075088139173102642e-01
2.496190000000000075e-01 -2.081353873910821162e-01 -6.196982896948154407e-01
2.502269999999999772e-01 -4.981727588954060204e-02 -6.237918023355628616e-01
2.508349999999999747e-01 -1.402236446287948024e-01 -6.140685740949444194e-01
2.514430000000000276e-01 -5.605361770513934971e-02 -6.213768331502828035e-01
2.520510000000000250e-01 -1.106265747794235726e-01 -5.816953934678552596e-01
2.526590000000000225e-01 -4.024475639528003051e-02 -6.183128581717218797e-01
2.532670000000000199e-01 -7.678448611959683145e-02 -6.307822866344985346e-01
2.538750000000000173e-01 -1.740626375970892037e-01 -6.256183019491178277e-01
2.544830000000000148e-01 -5.891512078303864919e-02 -6.212079603698775765e-01
2.550910000000000122e-01 -2.197856919659794961e-01 -6.244534327443972410e-01
2.556990000000000096e-01 -3.450528121628862466e-01 -6.189661878152408203e-01
2.563070000000000070e-01 -2.574893201755834027e-01 -6.372706658331597218e-01
2.569150000000000045e-01 -1.795830892904791976e-01 -6.335378179470789739e-01
2.575230000000000019e-01 -1.938851750746998504e-01 -6.340461472822942479e-01
2.581309999999999993e-01 -1.408424812450544961e-01 -6.382664993087170391e-01
2.587389999999999968e-01 -1.178809168753871262e-01 -6.288822429306274442e-01
2.593469999999999942e-01 -1.961797584296713637e-01 -6.103892131280486133e-01
2.599549999999999916e-01 -4.694570356629183816e-02 -6.384496945293770542e-01
2.605629999999999891e-01 -3.240101589465944204e-02 -6.437025545439990504e-01
2.611709999999999865e-01 2.025766950588193602e-02 -6.403447208741968044e-01
2.617789999999999839e-01 -1.287593334094635222e-01 -6.254202736073620761e-01
2.623869999999999814e-01 -1.208771572145655310e-01 -6.346187298804969457e-01
2.629949999999999788e-01 -2.344238264478365197e-01 -6.290208537469372807e-01
2.636029999999999762e-01 -3.086726836415450426e-01 -5.684722000193316305e-01
2.642109999999999737e-01 -2.978159783893569168e-01 -4.037933951674091970e-01
2.648190000000000266e-01 -6.200005284714990017e-01 -5.808988189066774943e-01
2.654270000000000240e-01 -4.292434677845225477e-01 -6.206690962575748260e-01
2.660350000000000215e-01 -3.831958700270229334e-01 -6.301053921565158422e-01
2.666430000000000189e-01 -2.729136077135260185e-01 -6.325173505782148986e-01
2.672510000000000163e-01 -2.884559572492205182e-01 -6.395485978203654387e-01
2.678590000000000138e-01 -3.085462886592553744e-01 -6.270456737825444993e-01
2.684670000000000112e-01 -6.024336452766365646e-01 -6.325043071071188017e-01
2.690750000000000086e-01 -7.377862945235831305e-01 -6.267734315031997516e-01
2.696830000000000060e-01 -5.477151025603318457e-01 -6.421070606293410865e-01
2.702910000000000035e-01 -3.646469633222002571e-01 -6.367340894900279658e-01
2.708990000000000009e-01 -2.948472999614738521e-01 -6.275998827589731599e-01
2.715069999999999983e-01 -3.520950165887413719e-01 -5.251953595965389576e-01
2.721149999999999958e-01 -3.062466777183353583e-01 -4.035667577549273410e-01
2.727229999999999932e-01 -4.166697102810580366e-01 -5.200002474083642579e-01
2.733309999999999906e-01 -4.493620130053594952e-01 -3.709330781819621947e-01
2.739389999999999881e-01 -6.050512664929638129e-01 -5.617536102063289682e-01
2.745469999999999855e-01 -1.934347605996753761e-01 -6.352333179744867886e-01
2.751549999999999829e-01 -2.923676646306525573e-01 -6.364688703288753358e-01
2.757629999999999804e-01 -1.421635319472366321e-01 -6.215003515950880963e-01
2.763709999999999778e-01 -1.497674297102332408e-01 -6.380947059765782470e-01
2.769789999999999752e-01 -2.592695004313628759e-01 -6.494089469840332862e-01
2.775869999999999727e-01 -3.233667386432272917e-01 -6.546831333890851257e-01
2.781950000000000256e-01 -3.352377170967557052e-01 -6.489229607541302514e-01
2.788030000000000230e-01 -3.419647416642516702e-01 -6.637144191288272266e-01
2.794110000000000205e-01 -3.769896372782818861e-01 -6.574075826902930908e-01
2.800190000000000179e-01 -2.217857814815598350e-01 -5.801301281107141827e-01
2.806259999999999866e-01 -2.090101194296981602e-01 -3.925267475229988201e-01
2.812339999999999840e-01 -2.245978302970799145e-01 -2.747574677942773991e-01
2.818419999999999814e-01 -8.803423687402694986e-02 6.261582403820604992e-02
2.824499999999999789e-01 -1.057631589678989376e-01 -2.510425577818778398e-01
2.830579999999999763e-01 -1.158982488931332155e-01 -6.276680569518188202e-01
2.836659999999999737e-01 -2.516638728093714139e-01 -6.554662597530011015e-01
2.842740000000000267e-01 -2.476895172321313676e-01 -6.555743203318796786e-01
2.848820000000000241e-01 -2.568949290980775957e-01 -6.218220276674043534e-01
2.854900000000000215e-01 -2.765845574832484499e-01 -6.382287367055444749e-01
2.860980000000000190e-01 -3.298636623330237216e-01 -6.384043606817655370e-01
2.867060000000000164e-01 -3.130448290647491194e-01 -6.445235761840590882e-01
2.873140000000000138e-01 -4.205902861047119967e-01 -6.588485020711335460e-01
2.879220000000000113e-01 -1.930207101692202887e-01 -6.696268168169121626e-01
2.885300000000000087e-01 -2.756594007627709009e-01 -6.718794193254981062e-01
2.891380000000000061e-01 -2.514910239094595990e-01 -6.610815672011092214e-01
2.897460000000000035e-01 -4.096453205594277058e-01 -6.758328229910346430e-01
2.903540000000000010e-01 -2.095346798419972512e-01 -6.638285572327994322e-01
2.909619999999999984e-01 -2.360758464443349358e-01 -6.642092343695762402e-01
2.915699999999999958e-01 -1.299169590117066064e-01 -6.759975593590923371e-01
2.921779999999999933e-01 -1.608790882352592044e-01 -6.665829558696483303e-01
2.927859999999999907e-01 -2.364020658157015842e-01 -6.566150419131423499e-01
2.933939999999999881e-01 -2.750584494867111540e-01 -6.720834830262699677e-01
2.940019999999999856e-01 -3.442509077838752929e-01 -6.827600991413227405e-01
2.946099999999999830e-01 -2.692370984972862202e-01 -6.786294423391845410e-01
2.952170000000000072e-01 -3.224696942453621484e-01 -6.873276776306316282e-01
2.958250000000000046e-01 -1.650391487423564785e-01 -6.828626151637624542e-01
2.964330000000000020e-01 -1.992217674651007020e-01 -6.691926987860840059e-01
2.970409999999999995e-01 -2.220348122707020422e-01 -6.817967946291597636e-01
2.976489999999999969e-01 -3.364121377815297298e-01 -6.656729365491453887e-01
2.982569999999999943e-01 -4.590614383655876041e-01 -6.738669937684071964e-01
2.988649999999999918e-01 -1.857843780449378035e-01 -6.729129679641928652e-01
2.994729999999999892e-01 -2.513345116193443918e-01 -6.846595233727117424e-01
3.000809999999999866e-01 -2.268405905750043305e-01 -6.757031370674879689e-01
3.006889999999999841e-01 -2.762743119506090861e-01 -6.967952999892500499e-01
3.012969999999999815e-01 -1.121633575919341597e-01 -6.852440184332168061e-01
3.019049999999999789e-01 -1.558733835659335820e-01 -6.822980314213555886e-01
3.025129999999999764e-01 -1.445711045866286959e-01 -6.952036780420328688e-01
3.031209999999999738e-01 -9.186899494664660382e-02 -6.975413564251337073e-01
3.037290000000000267e-01 -2.125225224415677738e-01 -6.871353431228138797e-01
3.043370000000000242e-01 -1.189950174614139017e-01 -7.054896852660222928e-01
3.049450000000000216e-01 -1.077790248674484752e-01 -6.954297727154281628e-01
3.055530000000000190e-01 -1.302386467065787812e-01 -6.917579589640887594e-01
3.061599999999999877e-01 -1.735960361045099098e-01 -7.030914098391826128e-01
3.067679999999999851e-01 -1.661347598531948966e-01 -6.793345333347023951e-01
3.073759999999999826e-01 -1.566021341473812223e-01 -6.729906856274454618e-01
3.079839999999999800e-01 -1.774331284317495483e-01 -6.668228580384290005e-01
3.085919999999999774e-01 -1.708603249714531758e-01 -6.617706739211510758e-01
3.091999999999999749e-01 -3.561743852435529378e-01 -6.423204712827748075e-01
3.098079999999999723e-01 -2.701494694651574990e-01 -6.492055798024933821e-01
3.104160000000000252e-01 -2.076608493023711366e-01 -3.629748337075013875e-01
3.110240000000000227e-01 -6.172951528295317347e-02 -3.061484349447418998e-02
3.116320000000000201e-01 -1.790580463304721481e-01 -2.605384187215256664e-01
3.122400000000000175e-01 -1.668069739171472166e-01 -4.326677346456339057e-01
3.128480000000000150e-01 -2.614255425385268450e-01 -5.782463989329400533e-01
3.134560000000000124e-01 -4.731517589803376778e-01 -5.998386199655403317e-01
3.140640000000000098e-01 -3.175895523744461935e-01 -6.019731411163133927e-01
3.146709999999999785e-01 -3.566973784367220013e-01 -5.944316820711555982e-01
3.152789999999999759e-01 -5.377892383539562005e-01 -6.027432394273337657e-01
3.158869999999999734e-01 -4.264901985929709927e-01 -5.721683455792954121e-01
3.164950000000000263e-01 -5.974566326947192696e-01 -5.743696063131932261e-01
3.171030000000000237e-01 -3.799774804854261223e-01 -5.572318422862705400e-01
3.177110000000000212e-01 -7.224428178787833943e-02 -5.622763832936146233e-01
3.183190000000000186e-01 -2.050918041946908077e-01 -5.313351893543654114e-01
3.189270000000000160e-01 -3.431278523796173485e-01 -5.506280661499548534e-01
