0 9.94947888026
1 10.2864129816
2 10.0744980129
3 10.8378857836
4 10.9648473914
5 10.2835723984
6 10.6305240945
7 11.5603588301
8 10.2707546488
9 10.0835787728
10 10.323108802
11 11.4148077008
12 10.7112676302
13 11.5558700964
14 10.9502521748
15 11.9081729349
16 11.3771108261
17 11.4839794704
18 10.9537268434
19 11.1205251619
20 10.4002995432
21 10.663758598
22 9.81186627758
23 9.79010164083
24 9.58214638559
25 9.5916936242
26 10.3907605655
27 10.817272282
28 11.3500589075
29 11.1948645957
30 11.5048727892
31 10.8225353119
32 10.7924066773
33 11.4315664343
34 11.8172818473
35 10.967491751
36 11.2752094229
37 10.4703337618
38 10.3965647561
39 11.2292631901
40 11.3915381683
41 11.8590476391
42 11.5728464562
43 11.8436762843
44 11.1004819528
45 11.6507756752
46 10.9311896577
47 10.6067107354
48 9.98377317138
49 9.7804692805
50 9.28804344358
51 9.43234069986
52 10.1501915938
53 10.2886311977
54 10.888296564
55 10.9010317477
56 11.3435419347
57 11.5999123673
58 12.266567625
59 12.1849886911
60 12.1807589466
61 12.1862033389
62 12.0622355265
63 12.4811535755
64 12.3709556826
65 12.3357223858
66 12.3316806933
67 12.5469892975
68 12.4776210313
69 12.4065587027
70 12.5326601806
71 12.039560868
72 11.3165166143
73 11.5441349217
74 10.4053557168
75 9.86007694251
76 9.66555984116
77 10.702205005
78 11.2677575823
79 10.4128256679
80 11.4103171881
81 12.005403408
82 12.2026130778
83 12.5870266927
84 12.1692041037
85 11.6266783802
86 11.7633920747
87 11.5805654756
88 10.7651889281
89 10.6254343885
90 11.6582486917
91 11.9661690994
92 11.5419489835
93 11.7996556702
94 11.2415192824
95 11.2645976053
96 10.898335973
97 11.406165752
98 10.8541523759
99 11.1565797113
100 10.1485434798
101 9.57316968192
102 10.0629096506
103 10.707132013
104 10.9716538172
105 11.574425445
106 10.9566391213
107 11.594302426
108 11.2612086335
109 11.675132151
110 11.7470311734
111 12.0360577921
112 11.6316285858
113 11.1751919426
114 9.7942306478
115 9.32506449306
116 9.59151567069
117 10.8143776729
118 12.0208828368
119 11.6015153819
120 12.094477214
121 10.979562339
122 11.5385487952
123 10.7516782517
124 11.4669333397
125 10.8122861416
126 11.1167149834
127 10.1366815695
128 10.1443303142
129 10.431237711
130 9.66228506599
131 9.9285528691
132 9.37422093607
133 9.88572355342
134 10.6896409765
135 11.2433239997
136 10.4544306364
137 9.69836087558
138 9.81171609137
139 9.85069649541
140 10.9260829804
141 9.86069563334
142 10.3682537001
143 10.3931141671
144 10.9992691768
145 10.8073452433
146 10.0309114026
147 10.449611089
148 10.3462401147
149 11.0308907848
150 10.7879318011
151 11.3027954704
152 10.7263921362
153 10.3959710898
154 10.0843723699
155 9.98920892877
156 9.32629748371
157 10.1044162886
158 10.199309927
159 11.2065606069
160 11.4808623151
161 10.768712752
162 11.2204852269
163 10.5414693477
164 10.5384102694
165 10.8265181232
166 11.0676618288
167 10.8310462484
168 11.4147775358
169 10.2600374705
170 10.4528080413
171 9.76724934225
172 9.28683074641
173 9.04555146645
174 8.76796136677
175 10.3082079436
176 10.7999314517
177 9.99707799628
178 11.1918432295
179 10.5544236751
180 11.3518335888
181 10.6792340957
182 11.0664175691
183 11.4987558082
184 12.0680554255
185 11.3053076234
186 11.3815744151
187 10.6241076413
188 10.5093845582
189 9.58458670095
190 10.1463854123
191 10.992075513
192 10.8732159303
193 11.0327579878
194 10.5036505747
195 10.7802858734
196 10.2913217629
197 10.2662283462
198 10.7923056495
199 11.3463568534
200 11.809456521
201 10.5297109069
202 11.4413520711
203 10.6321152192
204 11.4602615032
205 10.4423304686
206 10.8544224025
207 9.90498935612
208 9.79869974041
209 9.47244519446
210 8.48582065351
211 8.48682538013
212 8.75901461506
213 8.79465466449
214 9.6576923337
215 9.87698991522
216 10.9800986476
217 11.5265087837
218 11.1701880703
219 11.7736773479
220 11.3513731702
221 11.4902427505
222 11.3837814359
223 11.5301397926
224 11.4888282757
225 11.5075577253
226 10.6160792417
227 9.8931731578
228 10.1482319135
229 9.43705810633
