6 0.00818002926579
7 0.0190735442267
8 0.00573122333666
9 0.0333617889453
10 0.0432661326838
11 0.0149691129821
12 0.0139042340099
13 0.0401447121823
14 0.00132834035994
15 0.0186365773874
16 0.0399341161864
17 0.0193038516618
18 0.0159604111748
19 0.0915982591291
20 0.0541723347316
21 0.00664690483663
22 0.105478057778
23 0.0291278585225
24 0.0240199776559
25 0.0340234462242
26 0.0487136646215
27 0.00771278688175
28 0.0169769820221
29 0.0452053879364
30 0.00175052962895
31 0.0224944204092
32 0.0136062834186
33 0.0271996948049
34 0.00519443241699
35 0.00345288013955
36 0.00786653573438
37 0.00690818942961
38 0.0316953886012
39 0.00116739112488
40 0.0279364023059
41 0.00898163525086
42 0.0163520472107
43 0.0221371121612
44 0.000638774618215
45 0.0135923799673
46 0.0121699503499
47 0.0130543521758
48 0.00142540725558
49 0.00869534625078
50 0.0439195364688
51 0.00614990326227
52 0.0189971461703
53 0.0220285978468
54 0.00244961848795
55 0.00257986814487
56 0.0235242289382
57 0.030801524117
58 0.02265479866
59 0.00453739763237
60 0.0136889660582
61 0.0171847934688
62 0.0123645543212
63 0.00357900294284
64 0.00773512378675
65 0.0447471982873
66 0.0155377086644
67 0.0120453431066
68 0.0183108689202
69 0.0064087532324
70 0.0151637283437
71 0.000892132664272
72 0.0190812398026
73 0.00257731267116
74 0.0226667531893
75 0.00862391089048
76 0.00913398551375
77 0.00425971086726
78 0.00911570991807
79 0.00388996696542
80 0.00278839235497
81 0.00804698084392
82 0.0120611828575
83 0.00932201852715
84 0.025130827139
85 0.0121930957015
86 0.0305538218992
87 0.0152628352487
88 0.000776468580926
89 0.0142697869785
90 0.00202673851068
91 0.00414582834335
92 0.00592822334592
93 0.0104397569333
94 0.0233754345882
95 0.0341485470091
96 0.00471461979765
97 0.00361564345795
98 0.00887780560265
99 0.017943558011
100 0.0271532266617
101 0.00476064510919
102 0.0105855826645
103 0.0249366358913
104 0.00970323799292
105 0.0108864405381
106 0.00464438931775
107 0.00738570795865
108 0.00255561779285
109 0.022562260941
110 0.00499754385512
111 0.0214254127616
112 0.0103464913499
113 0.0105211061311
114 0.0138950241523
115 0.0157840191021
116 0.015327653261
117 0.0105457968754
118 0.0185694503977
119 0.0127485346561
120 0.00481000862947
121 0.000344234258133
122 0.0153888448944
123 0.0396299212111
124 0.018227057082
125 0.0124521252688
126 0.000128503456708
127 0.00840858656756
128 0.0211284231171
129 0.00901644082117
130 0.0291383024123
131 0.0143557337219
132 0.00414588314014
133 0.00227688477707
134 0.00259311480013
135 0.0132124049348
136 0.00831657719552
137 0.00959701527053
138 0.0119206049056
139 0.00566902467519
140 0.0180506440207
141 0.00815736756244
142 0.00522272747394
143 0.00271199571193
144 0.0159046857198
145 0.00891980041414
146 0.0139072302379
147 0.0214473506524
148 0.037934525854
149 0.00690214956603
150 0.000123386257263
151 0.000970636073616
152 0.0250901248694
153 0.0304753596115
154 0.0181896211735
155 0.0219122585697
156 0.0130976064139
157 0.00978144748896
158 0.00636138272205
159 0.0143512748707
160 0.00382662029124
161 0.00379871865268
162 0.00865436965861
163 0.00647886886085
164 0.0159071567533
165 0.00319951422085
166 0.0214737239328
167 0.0324280987972
168 0.0120524331537
169 0.0361300906056
170 0.0520756391156
171 0.00306310658282
172 0.00435408612384
173 0.0169205384362
174 0.00337725935591
175 0.0231780260304
176 0.0156524965159
177 0.0282174157768
178 0.015898167259
179 0.0235527492242
180 0.00931145533293
181 0.0239391568432
182 0.0141496850598
183 0.0244280869047
184 0.0133277633868
185 0.000672163836526
186 0.0180239171509
187 0.0249263519654
188 0.011742739161
189 0.0128054995285
190 0.00519087401497
191 0.0490685704696
192 0.0247927737245
193 0.00418183823917
194 0.00322051713563
195 0.00582447592189
196 0.000912933397455
197 0.0237411343764
198 0.0150333656895
199 0.00952681877496
200 0.00225571704456
201 0.00508766815544
202 0.0176823749011
203 0.00700215217813
204 0.0355756188369
205 0.0114943911015
206 0.0111708259151
207 0.000322740385878
208 0.00497213292799
209 0.0193038681157
210 0.00164442034112
211 0.0166574051886
212 0.0212502821562
213 0.0121301384016
214 0.004051350601
215 0.00673835071778
216 0.0134869106451
217 0.0126338243971
218 4.70311980262e-05
219 0.0190829307231
220 0.018969731015
221 0.0227044524239
222 0.0190812993192
223 0.0235281546779
224 0.0162282977473
225 0.0129311920627
226 0.000461943926813
227 0.0283421285513
228 0.0266021753712
229 0.0331269132783
230 0.00971392449446
231 0.0132242401437
232 0.0134630936605
233 0.0232460490701
234 0.00522755133966
235 0.00721841955867
236 0.00404235645623
237 0.00668176439157
238 0.00601088275066
239 0.0391939852381
240 0.0480929912821
241 0.00568902384227
242 0.00962069370517
243 0.00526379644198
244 0.0185383191986
245 0.015214261399
246 0.00133895080763
247 0.0202799297197
248 0.0297787132381
249 0.0164727395514
250 0.0458657762423
251 0.0232195527641
252 0.0249022897559
253 0.00229121901585
254 0.0122933154362
255 0.00703689213798
256 0.0194471174241
257 0.00765054859561
258 0.0249630026203
259 0.0125249691327
260 0.0570051810861
261 0.0282806227043
262 0.020577205638
263 0.0244510257935
264 0.0150920836974
265 0.0487703338709
266 0.0221139058602
267 0.0796375173456
268 0.10535344849
269 0.0303358587924
270 0.0303657835636
271 0.0586404887482
272 0.0745779315565
273 0.0106743686635
274 0.0115176363011
275 0.0300699626138
276 0.0402429592049
277 0.0108346752058
278 0.0190616644545
279 0.00154752126318
280 0.0374625465139
281 0.0395960849091
282 0.0520262319794
283 0.0137263396512
284 0.00889311098331
285 0.0247781527969
286 0.00268033731359
287 0.0130822862287
288 0.00854006114565
289 0.0809728922899
290 0.0389672720746
291 0.00871389587329
292 0.0579128223197
293 0.074457169935
294 0.0228743456764
295 0.0298138621166
296 0.0288154836994
297 0.0476109892786
298 0.0586596701849
299 0.0684419865668
300 0.00884047568935
301 0.0136303695879
302 0.0257602240354
303 0.0469820299246
304 0.011220440612
305 0.0084595119274
306 0.0652678556055
307 0.000532343008376
308 0.015278696673
309 0.0359436182524
310 0.00242923563187
311 0.0313266052517
312 0.00337050193471
313 0.0188301329678
314 0.0279345054611
315 0.00918743547605
316 0.0186965836798
317 0.03961760261
318 0.0157009950522
319 0.0134199648814
320 0.0220195102718
321 0.0222311313615
322 0.0221666312664
323 0.0133360443441
324 0.0109787184998
325 0.0423209409479
326 0.0206903766493
327 0.018337195204
328 0.0293767350188
329 0.0366433384699
330 0.0162064417989
331 0.0647249510855
332 0.0197006425037
333 0.0160557281185
334 0.0232582577214
335 0.0281613463827
336 0.00259070326519
337 0.0313714841802
338 0.0207314276859
339 0.012031358439
340 0.018944232451
341 0.0124632905507
342 0.0193902300646
343 0.0100488067166
344 0.0109238857272
345 0.0131801156233
346 0.0135880494061
347 0.00154412412655
348 0.0209045432511
349 0.00875520551873
350 0.00646239259498
351 0.0400480548445
352 0.0156315861072
353 0.0142629928478
354 0.0301889421268
355 0.00778106916617
356 0.00786368855839
357 0.0216276943985
358 0.0146642226952
359 0.000869490925312
360 0.0244540680283
361 0.0174501721481
362 0.00331698058609
363 0.0199924599999
364 0.0140074780784
365 0.00919737602428
366 0.00527562634787
367 0.00887129407527
368 0.00677035994732
369 0.025896784502
370 0.00231584183915
371 0.022918802162
372 0.00633033858054
373 0.0024118024464
374 0.0130063639372
375 0.0306258337332
376 0.0120258541939
377 0.00999113718782
378 0.010142246515
379 0.0164094116684
380 0.0263815993101
381 0.0169206443372
382 0.012439709298
383 0.0262004679722
384 0.00494133428813
385 0.0131819800443
386 0.0249106068015
387 0.00208175374944
388 0.022402895179
389 0.0154044468758
390 0.00147122308055
391 0.0111780132726
392 0.00932933326081
393 0.000543356177834
394 0.00548753418244
395 0.00910306609854
396 0.00237997768033
397 0.0172102831658
398 0.00550555679533
399 0.00645798964937
400 0.00105277882293
401 0.000896326483333
402 0.00180469513531
403 0.0107522463098
404 0.014067230077
405 0.00855207473061
406 0.00185885065071
407 0.00469517285358
408 0.00172530411393
409 0.0119033035738
410 0.00327374513689
411 0.0136881664976
412 0.0124771326345
413 0.00930489436364
414 0.00790794845761
415 0.00474242620166
416 0.00675381595183
417 0.00609483625778
418 0.0149044524559
419 0.00665478574759
420 0.0130154691788
421 0.00240066392891
422 0.000408692200748
423 0.00485234963511
424 0.00210029936128
425 0.00557999122148
426 0.00183913440053
427 0.00506261125209
428 0.00177178683683
429 0.0168706426296
430 0.00348286905136
431 0.00183393683101
432 0.0345864879302
433 0.0030590250635
434 0.0051221731833
435 0.00395649891381
436 0.005795087036
437 0.00795850712763
438 0.0056156033763
439 0.00549456477797
440 0.00615218139417
441 0.00125480205151
442 0.0162400944867
443 0.00463520960693
444 0.00254304754688
445 0.00766532036377
446 0.00434546964421
447 0.0103721085186
448 0.000560269876887
449 0.00312840741737
450 0.0103886300422
451 5.16095429589e-05
452 0.00164919086861
453 0.00908334822529
454 0.00978888145365
455 0.00950393970656
456 0.00909188849264
457 0.00224990818932
458 0.00350792282791
459 0.00477763151912
460 0.00735988173076
461 0.00582468913853
462 0.00839813693863
463 9.89355189881e-05
464 0.00803263265765
465 0.0120519058567
466 0.00802105752986
467 0.00207979762511
468 0.000430722133715
469 0.0103629426548
470 0.00795314240008
471 0.000491362954226
472 0.00127266647434
473 0.0041810020827
474 0.00194020318918
475 0.00162010235865
476 0.00910251426493
477 0.00436591049738
478 0.00950694484802
479 0.00710381063629
480 0.000597869242209
481 0.00386775967368
482 0.00212565589018
483 0.00311735364775
484 0.00587751285984
485 0.0015855879993
486 0.00598324006634
487 0.0138467123749
488 0.0011775388977
489 0.00597785903827
490 0.00860625007039
491 0.000863220031115
492 0.00242750028959
493 0.00423787603895
494 0.0132669515415
495 0.00863992707588
496 0.0106911049003
497 0.00702059917659
498 0.00487939857483
499 0.00591476617622
500 0.00103606504028
501 0.00237980486517
502 4.36437248914e-05
503 0.00238510373402
504 0.00388193478356
505 0.00632927192313
506 0.00292838088817
507 0.00166766891519
508 0.0024358999213
509 0.0085541981167
510 0.00790712072399
511 0.00992152174927
512 0.00490253320758
513 0.00239882929575
514 0.0154033360697
515 0.00321963351742
516 0.000512661607677
517 0.00510593290153
518 0.00757154851756
519 0.00064282008069
520 0.00567661643563
521 0.000463342542806
522 0.00354949423842
523 0.00707014195198
524 0.00398147172345
525 0.00616851843875
526 0.000911625505647
527 0.00222266391344
528 0.00625369463098
529 0.00444715960213
530 0.00724132689815
531 0.00119853364529
532 0.00179581464979
533 0.00446884246087
534 0.00468539164877
535 0.00918232780412
536 0.00311534834664
537 0.00162148310639
538 0.00798480925925
539 0.00376610164995
540 0.00745532979383
541 0.000822333264283
542 0.002121837899
543 0.00208061078492
544 0.00469499302153
545 0.0107459285011
546 0.00076467677277
547 0.00547598260231
548 0.00185517827883
549 0.00216291346151
550 0.00764197915486
551 0.00246556455157
552 0.00348610543357
553 0.00533457532783
554 0.00750726706614
555 0.00137935822679
556 0.000324982959272
557 0.00260289301595
558 0.0109463719002
559 0.00172202075561
560 0.000529029287902
561 0.00177762314215
562 0.00397304061785
563 0.00142758849744
564 0.00150561743285
565 0.00216005688547
566 0.00388008317133
567 0.00272443891486
568 0.00200412557936
569 0.00107112056392
570 0.000909025198803
571 0.005188942712
572 0.00905544307431
573 0.00729021786671
574 0.00401966191783
575 0.00579329560437
576 0.0044985980122
577 0.00494619485033
578 0.00393332640318
579 0.00288869872512
580 0.00265358191133
581 0.00061886640912
582 0.000368823129266
583 0.00676895681606
584 0.00539023589782
585 0.00436688288005
586 0.00869227014664
587 0.00787099483631
588 0.000862698078401
589 0.00472696177544
590 0.001099348947
591 0.00375345622018
592 0.00667099999075
593 0.00159001537679
594 0.00433935021792
595 0.00144690947915
596 0.000153823034833
597 0.00228389642082
598 0.00182957990686
599 0.010815140805
600 0.0147925684623
601 0.00344437459806
602 8.49485731867e-05
603 0.00403834780343
604 0.00913208358492
605 0.00179279072952
606 0.00831912734175
607 0.0108283728137
608 0.00481197103351
609 0.00137379771683
610 0.00396546477389
611 0.0045350652039
612 0.00309776428896
613 0.00217080631427
614 0.00140176275068
615 0.00317127624874
616 0.00267072169355
617 0.00337312898636
618 0.00876163024949
619 0.000148321337863
620 0.00265984503843
621 0.00131659560496
622 0.00373720534102
623 0.00689185043255
624 0.00748307294818
625 0.0033623966946
626 0.00898545611606
627 0.0017827724446
628 0.00822416891489
629 0.00562378446719
630 0.00859378824076
631 0.00393870955489
632 0.00381054700987
633 0.00175336442166
634 0.00466777980104
635 0.00246502404564
636 0.00206391116217
637 0.00383461573457
638 0.0031733686562
639 0.0105338430268
640 0.00451665818766
641 0.00420348260225
642 0.00143917214979
643 0.00423366804946
644 0.00683047644817
645 0.00236080807741
646 0.0047319205917
647 0.00357670159829
648 0.00787796110266
649 0.00656064672181
650 0.00139295569748
651 0.00793879649136
652 0.000536046741103
653 0.00562370197828
654 0.00440274293636
655 0.00583974563165
656 0.00676654568029
657 0.00536672823941
658 0.00849102014197
659 0.00694281892953
660 0.0118731685047
661 0.00542721751393
662 0.00090177454538
663 0.00236869158002
664 0.00155446257572
665 0.0027375201342
666 5.62048738117e-05
667 0.00631379497988
668 0.00120561491967
669 0.000876501898384
670 0.00297521225742
671 0.00138829343302
672 0.00622024812368
673 0.00587694619427
674 0.00201975340367
675 0.0076137738369
676 0.00520573601293
677 0.00905221627717
678 0.00166640765109
679 0.000944429157396
680 0.00150969500372
681 0.0106835213064
682 0.00133597316336
683 0.00413011523393
684 0.00134377455905
685 0.00300218615429
686 0.00194192107303
687 0.000642688298119
688 0.00210537432523
689 0.000309297588968
