6 0.53332937716
7 0.160886378686
8 0.0161101089374
9 0.0628997876997
10 0.123468048693
11 0.0098996146494
12 0.316949523968
13 0.0357744635226
14 0.0732535935339
15 0.0772984905385
16 0.0607694829586
17 0.0348846379508
18 0.075033826126
19 0.0303687039549
20 0.00128244464238
21 0.0688161983529
22 6.06213542592e-05
23 0.0441143019158
24 0.0465131795817
25 0.00129570863016
26 0.0163285539177
27 0.00498796424553
28 0.0535024221901
29 0.0483951023167
30 0.0200574793991
31 0.0445547928028
32 0.0357252629401
33 0.0149239409071
34 0.0368384806886
35 0.00411673979035
36 0.00377160362408
37 0.0323565004024
38 0.00284163329537
39 0.00102303432144
40 0.0376538128706
41 0.0229018273254
42 0.0526537683395
43 0.0791363533987
44 0.00952730696079
45 0.0146120703129
46 0.0349939801517
47 0.0486220954996
48 0.0163846691191
49 0.00609106301235
50 0.00625172901265
51 0.0780412922049
52 0.0460959576526
53 0.0129212483108
54 0.00609140900172
55 0.028969172953
56 0.0627690303011
57 0.0133420952641
58 0.0381050123608
59 0.0635339628128
60 0.00747579159085
61 0.0329271144798
62 0.00214391792558
63 0.00305815394306
64 0.0811651857753
65 0.0635596102402
66 0.0502006974477
67 0.0724580215218
68 0.0807412004464
69 0.089843543877
70 0.0715738456115
71 0.0508238134003
72 0.0846233686585
73 0.0191972555392
74 0.00115778080187
75 0.0698365949069
76 0.0378674244795
77 0.00336902366029
78 0.0557845920323
79 0.0509415736436
80 0.0247242079484
81 0.000708814993271
82 0.0056072254883
83 0.0403395509626
84 0.031385520692
85 0.00763497179425
86 0.0212786174478
87 0.0449759769592
88 0.0189390720772
89 0.0114805080966
90 0.0111429816054
91 0.0168902940199
92 0.111961422541
93 0.0145261915725
94 0.0302278155848
95 0.00509734683608
96 0.0033110999151
97 0.0444114216599
98 0.0628453744442
99 0.0145580007947
100 0.0138236131373
101 0.0225154405138
102 0.039053186197
103 0.0121980640977
104 0.0350927672673
105 0.00589659952141
106 0.00900111132052
107 0.0398656121851
108 0.011682455983
109 0.00461482682081
110 0.026907156991
111 0.0219798500706
112 0.0283511728164
113 0.00666522355588
114 0.00359052185685
115 0.00753155913252
116 0.00792551856959
117 0.0039753978614
118 0.0135525661043
119 0.00699646434695
120 0.0187669335535
121 0.00315878725366
122 0.0068387208489
123 0.00956673243088
124 0.0203044740751
125 0.00919088801395
126 0.00704601150954
127 0.0364561600149
128 0.00492089375729
129 0.00479239046278
130 0.0552331118299
131 0.00292796422147
132 0.0249836192287
133 0.0149370591908
134 0.00493265205597
135 0.0222595110136
136 0.0210586659947
137 0.00498837767282
138 0.0139447528281
139 0.0211758139781
140 0.0381226842542
141 0.0387013127564
142 0.00756965974882
143 0.0128227839092
144 0.0203757260696
145 0.00786338171961
146 0.00182062306598
147 0.0158155115118
148 0.0536787754249
149 0.00340712247992
150 0.0148502216409
151 0.0297510166314
152 0.023433781471
153 0.0162569432108
154 0.0189202404905
155 0.0301208470542
156 0.0268983580661
157 0.0417563762862
158 0.00288332894228
159 0.0301528578576
160 0.02443310794
161 0.00830313656079
162 0.00194231818942
163 0.0468830154346
164 0.02530268066
165 0.0304977022469
166 0.0358816337737
167 0.0590730037029
168 0.0108596519225
169 0.0571187373793
170 0.0385546157492
171 0.0770161337014
172 0.0167542487032
173 0.00393147558524
174 0.00653635413824
175 0.0216684758485
176 0.0230133332609
177 0.00932410751203
178 0.0236242740794
179 0.0111262452259
180 0.0163104922596
181 0.0173827370163
182 0.032864024554
183 0.00702829753231
184 0.0321854181419
185 0.00671904091508
186 0.00114135466663
187 0.0212877215306
188 0.00362217699775
189 0.0145402615082
190 0.0241135184311
191 0.0449403845725
192 0.000789958326867
193 0.00579187743358
194 0.022378282572
195 0.0334052120456
196 0.03789760899
197 0.0669672219883
198 0.014988394088
199 0.025027590429
200 0.0105744546122
201 0.0092138683916
202 0.0325722760993
203 0.0577863925334
204 0.0217983821448
205 0.0558188442313
206 0.0706034639888
207 0.00111629065824
208 0.0100283907281
209 0.0219644210981
210 0.0295912081704
211 0.0225923180075
212 0.0596870227895
213 0.0276766958762
214 0.0249870854476
215 0.0542731600383
216 0.0159876797104
217 0.0261212105801
218 0.0234050406699
219 0.00594474641006
220 0.0391078611532
221 0.0146275931251
222 0.013535943023
223 0.0157323158784
224 0.00494402919772
225 0.0208475514468
226 0.00571646579788
227 0.000931606813915
228 0.00651409707299
229 0.00467550187452
230 0.0362761496336
231 0.000388079998418
232 0.00306914587886
233 0.0218274220391
234 0.0129273439051
235 0.00374807094642
236 0.00278699881309
237 0.00355251302219
238 0.000253558086708
239 0.00115426577565
240 0.00342356989294
241 0.0324073471833
242 0.0137589291359
243 0.0283137784025
244 0.0312120285038
245 0.0119338291397
246 0.0030395474821
247 0.00460574445256
248 0.0175529437071
249 0.0141615464644
250 0.00165853390796
251 0.00213209091694
252 0.0146310373183
253 0.000442863497116
254 0.0213275199675
255 0.00864764514891
256 0.0141638385289
257 0.00391484670569
258 0.0107461847652
259 0.00590891449898
260 0.0302267336224
261 0.00205283483903
262 0.00708458452391
263 0.00205388131418
264 0.00904001228246
265 0.0198555264276
266 0.0190895214169
267 0.0165652576213
268 0.0537598833677
269 0.0113060752849
270 0.00277361571509
271 0.0202887013097
272 0.021311512069
273 0.00184511344634
274 0.00291697860163
275 0.0178519529949
276 0.00611978970405
277 0.00210438638448
278 0.00393620502676
279 0.0124711280074
280 0.02343689221
281 0.00146496443954
282 0.000295125108478
283 0.000849955157594
284 0.00850087789592
285 0.00256704448615
286 0.0182848283027
287 0.00020298951049
288 0.00943190209572
289 0.00601273436842
290 0.0126073775518
291 0.0279595561021
292 0.0245766547422
293 0.00671510826184
294 0.00515674638393
295 0.00574347443589
296 0.02497260346
297 0.00748444005475
298 0.0175085619119
299 0.0215347293458
300 0.00963575731734
301 0.0136247362838
302 0.0210559600151
303 0.0120090794416
304 0.00779356042866
305 0.00973320403937
306 0.000805229322879
307 0.00650698946754
308 0.0110699697754
309 0.0187781761297
310 0.0102967150425
311 0.0174706652058
312 0.00443997855158
313 0.00177534432792
314 0.0227273304879
315 0.0088433222197
316 0.00104088825506
317 0.000373689395273
318 0.0138466952942
319 0.00356607131863
320 0.0157760618832
321 0.00804353509622
322 0.0095291940114
323 0.010432954162
324 0.000963283729153
325 0.0117488584096
326 0.00560392582914
327 0.00526115656621
328 0.00687370284747
329 0.0176750906682
330 0.0163248628503
331 0.012859457459
332 0.00833137135186
333 0.0116292673012
334 0.00250600846602
335 0.0147197734332
336 0.00376055697921
337 0.00323920130513
338 0.00437595979247
339 0.0069229674916
340 0.00444279456861
341 0.00343254438005
342 0.00343333155153
343 0.00949519389528
344 0.00670743451585
345 0.0124424875442
346 8.64411718407e-05
347 0.000425548429104
348 0.0222130234324
349 0.00624558846196
350 0.00711099000337
351 0.0015304524664
352 0.00321278319203
353 0.00829927865457
354 0.00394021672517
355 0.00373653817866
356 0.00676681126033
357 0.00380299800858
358 0.00912845731177
359 0.0111574182362
360 0.00845281253612
361 0.00658510865252
362 0.00304106400634
363 0.0160180568779
364 0.0105587571889
365 0.00403520620644
366 0.00240630077768
367 0.00709315640902
368 0.0083599848753
369 3.3989039942e-05
370 0.00361325079628
371 0.00662702400144
372 0.00610525062459
373 0.00108914327751
374 0.00106724281933
375 0.00943350999476
376 0.00244785955782
377 9.0047690247e-05
378 0.00245250033458
379 0.0016481356081
380 0.00769047263675
381 0.00495219599483
382 0.00365724338311
383 0.00123980904761
384 0.0118936933526
385 0.0083550541821
386 0.0150587162695
387 0.000578696574898
388 0.00774105558942
389 0.0121700395586
390 7.46937797524e-05
391 0.00645552036978
392 0.00263533522558
393 0.00459812277332
394 0.00813611513977
395 0.000125442639924
396 0.00216832858634
397 0.000918995325074
398 0.00844142890713
399 0.0036050893265
400 0.00186863019146
401 0.00303705228825
402 0.00251734201971
403 0.00308003053662
404 0.00300390515059
405 0.00621827968046
406 0.00414450131944
407 0.00544179213564
408 0.00459884379865
409 0.000865088736167
410 0.00368573716569
411 0.00547320938655
412 0.000880039425214
413 0.00774519340854
414 0.00594401465254
415 0.00339268317963
416 0.00458644702541
417 0.00341269551708
418 0.000123071489183
419 0.00292652793815
420 0.00288490949158
421 0.00222566823155
422 0.00571251496114
423 0.0138071607466
424 0.0015070524609
425 0.000918938331787
426 0.0037734057059
427 0.00592567072809
428 0.00521083002572
429 0.00109694569998
430 0.00130234127491
431 0.00438644785283
432 0.0132708416078
433 0.00523187244023
434 0.00322290530119
435 0.00399781791618
436 0.00365110503195
437 0.000394951450531
438 0.00119960271918
439 0.00129319992399
440 0.00688895297221
441 0.00197982617931
442 0.0031316760029
443 0.0048965929616
444 0.00309692018839
445 0.00186091342662
446 0.00204176437816
447 0.00207535763844
448 0.000951971317719
449 0.00444522182818
450 0.00133916968414
451 0.000458499609128
452 0.00335382424454
453 0.00197889015686
454 0.0092731672935
455 0.00266582480176
456 0.00139994721316
457 0.00115737393374
458 0.00102350401015
459 0.0114066846155
460 0.00153469710453
461 0.00424805380966
462 0.00400877719336
463 0.0046164680489
464 0.0082078630633
465 0.00768040297097
466 0.0100645962325
467 0.0175037013278
468 0.00467362062207
469 0.00511262775547
470 0.00246349413957
471 0.00408691861932
472 0.000556307970693
473 0.00622636676548
474 0.00556219235916
475 0.00311816586432
476 0.00278794714982
477 0.000474280262208
478 0.00293681979474
479 0.00456807677133
480 3.56049690801e-05
481 0.000920564694172
482 0.000642899127668
483 0.00110833289199
484 0.00566190966315
485 0.001926721028
486 0.00428853581234
487 0.00335453240397
488 0.0020897774153
489 0.00239573575394
490 0.00213454967017
491 0.00129825983797
492 0.00185002266956
493 0.00363182028531
494 0.00131936298288
495 0.0037671974513
496 0.00357752788464
497 0.00443835829702
498 0.000439068895891
499 0.00204188860061
500 0.00339648651394
501 0.00348904017444
502 0.00106255115777
503 0.000250821809232
504 0.0041942321666
505 0.000483151706513
506 0.00582196216739
507 0.00398159062702
508 0.000240871630477
509 0.000171374166129
510 0.00215393900513
511 0.000931316771609
512 0.0036819768644
513 0.00230501184484
514 0.00209844612629
515 0.00384241785993
516 0.00127037785983
517 0.00269797840637
518 0.0015074652091
519 0.000697295173433
520 0.00586212156271
521 0.00126825020273
522 0.00114628750633
523 0.00028891699129
524 0.00511077326181
525 0.00322327756295
526 0.000556386143304
527 0.000419153762868
528 0.000165328611684
529 0.00257891103534
530 0.00127748045172
531 0.0037065051138
532 0.000505786702169
533 0.00406436364106
534 0.00215197012525
535 0.00276937761154
536 0.000723675934458
537 0.00124159745617
538 0.00322136462287
539 0.00111731155887
540 0.00323390516987
541 0.00371094917222
542 0.00709926534675
543 0.00152314330623
544 0.00296787736119
545 0.00408594015894
546 0.002028594429
547 0.00412966302486
548 0.00248871842972
549 0.00340243370496
550 0.00287295374095
551 0.000843213466031
552 0.00105919691674
553 0.0101237152506
554 0.00353511628376
555 0.000692276583634
556 0.00496716809349
557 0.00408327032558
558 0.00242635400443
559 0.00128833716885
560 0.000942392413385
561 0.00449497963234
562 0.00376184949298
563 0.00427396035954
564 0.00460495846996
565 0.00255881650476
566 0.000195445238414
567 0.00191581868924
568 0.00201542179237
569 0.00478038398426
570 0.00344655148805
571 0.00343680428946
572 0.00412646654193
573 0.00328163780918
574 0.00282128569544
575 0.00148012916376
576 0.00318449143821
577 0.000615308160624
578 0.000982696103647
579 0.00196094380859
580 0.00342997908902
581 0.00012767618027
582 0.00473736093365
583 0.00128594240773
584 0.00235464560747
585 0.000595156811431
586 0.000834574167805
587 0.00475523141895
588 0.00264976874675
589 0.00245716601359
590 0.0017040096339
591 0.00577888760445
592 0.00182772014471
593 0.000445990741428
594 0.000529806061519
595 0.00228895936432
596 0.00621404702434
597 0.000772750652943
598 0.00106005893504
599 0.00323254142585
600 0.00616773088292
601 0.00198894619901
602 0.00177907330102
603 0.000597613623235
604 0.00196400709323
605 0.0032196307852
606 0.00792045022439
607 0.00558293746981
608 0.00450023834265
609 0.0014495074753
610 0.002224556884
611 0.00251826900443
612 0.00525742108652
613 0.00324954507082
614 0.00599118836534
615 0.002168661366
616 0.00063644586156
617 0.00702197615865
618 0.000402361738308
619 0.000296585987142
620 0.00218415104449
621 0.00173624488857
622 0.00387626622251
623 0.00320643247784
624 0.00187419100888
625 0.00061033416114
626 0.00168781913229
627 4.33820225029e-05
628 0.000632241247037
629 0.00263515691609
630 0.00131509996765
631 0.00159672975538
632 0.00268401062546
633 0.00168756288617
634 0.00265238550865
635 0.00187884248015
636 0.00175677522361
637 0.000987694405069
638 0.00163341161441
639 0.00435093101335
640 0.00272776564053
641 0.000893458496408
642 0.00193845532394
643 0.000463327800805
644 0.000269230759132
645 0.000715770883085
646 0.000522094637541
647 0.00575549893219
648 0.00184401737517
649 0.00162942283569
650 0.00314847132095
651 0.00642186867498
652 0.00167106854048
653 0.00578507112311
654 0.00179800427972
655 0.000839243216514
656 0.00783988099275
657 0.00840907650272
658 0.00206161711597
659 0.00105445822427
660 0.00496406111577
661 0.009420115226
662 0.00116244097994
663 0.000301631953014
664 0.00153077389608
665 0.00404884346102
666 0.00177139016235
667 0.00192831019344
668 0.000789917653418
669 0.000706955303695
670 0.00286378647848
671 0.00188078184794
672 0.000465958111761
673 0.00106366786412
674 0.001396592679
675 4.07617831672e-06
676 0.00183921870916
677 0.000490678922112
678 0.00164771420735
679 0.000522381169594
680 0.000308672407682
681 5.62105209743e-05
682 0.0011793682027
683 3.80902635508e-06
684 0.00188215217907
685 0.00018419842746
686 0.000135179174584
687 0.00116028447423
688 0.000677781548863
689 0.000132591158947
